_________	L_Sen	M_Sen	R_Sen	Dis		Rew			Act
19:55:47:	0		0		1		104		-2.20		1
19:55:48:	1		1		0		103		0.00		1
19:55:48:	0		0		0		98		1.20		1
19:55:49:	0		0		0		87		1.20		1
19:55:49:	0		0		0		77		1.20		1
19:55:50:	0		0		0		66		1.20		0
19:55:50:	0		0		0		58		1.20		0
19:55:51:	0		0		0		50		1.00		0
19:55:52:	0		0		0		47		1.00		0
19:55:52:	0		0		0		127		-1.00		1
19:55:53:	0		0		0		163		-0.80		1
19:55:53:	0		0		0		155		1.20		1
19:55:54:	0		0		0		144		1.20		1
19:55:54:	0		0		0		133		1.20		1
19:55:55:	0		0		1		122		0.00		1
19:55:55:	0		1		0		111		0.00		2
19:55:56:	0		0		1		99		0.00		1
19:55:56:	0		0		0		89		1.20		1
19:55:57:	0		0		1		90		-2.00		1
19:55:58:	0		0		0		85		1.20		1
19:55:58:	0		0		0		77		1.20		1
19:55:59:	0		0		0		118		-0.80		1
19:55:59:	0		0		0		105		1.20		1
19:56:00:	1		0		0		83		0.00		1
19:56:00:	0		0		1		79		0.00		1
19:56:01:	0		0		0		68		1.20		0
19:56:01:	0		0		0		62		1.20		1
19:56:02:	0		0		0		50		1.20		0
19:56:02:	0		0		0		48		1.20		0
19:56:03:	1		1		0		3		-1.20		1
19:56:03:	1		1		0		7		-3.00		2
19:56:04:	1		1		1		0		-1.00		1
19:56:04:	1		1		1		0		-3.00		1
19:56:05:	1		1		1		0		-3.00		1
19:56:05:	1		1		1		3		-3.00		1
19:56:06:	1		1		1		4		-3.00		1
19:56:07:	1		1		1		8		-3.00		1
19:56:07:	1		1		1		0		-1.00		1
19:56:08:	1		1		1		0		-3.00		1
19:56:09:	1		1		1		0		-3.00		1
19:56:09:	1		1		1		0		-3.00		1
19:56:10:	1		1		1		0		-3.00		1
19:56:11:	1		1		1		0		-3.00		1
19:56:11:	1		1		1		0		-3.00		1
19:56:12:	1		1		1		0		-3.00		1
19:56:12:	1		1		1		0		-3.00		1
19:56:13:	1		1		1		0		-3.00		1
19:56:14:	1		1		1		0		-3.00		1
19:56:14:	1		1		1		0		-3.00		1
19:56:15:	1		1		1		0		-3.00		1
19:56:16:	1		1		1		0		-3.00		1
19:56:16:	1		1		1		0		-3.00		1
19:56:17:	1		1		1		0		-3.00		1
19:56:18:	1		1		1		0		-3.00		1
19:56:18:	1		1		1		0		-3.00		1
19:56:19:	1		1		1		0		-3.00		1
19:56:20:	1		1		1		0		-3.00		1
19:56:20:	1		1		1		0		-3.00		1
19:56:21:	1		1		1		0		-3.00		1
19:56:22:	1		1		1		0		-3.00		1
19:56:22:	1		1		1		0		-3.00		1
19:56:23:	1		1		1		0		-3.00		1
19:56:23:	1		1		1		0		-3.00		1
19:56:24:	1		1		1		0		-3.00		1
19:56:25:	1		1		1		0		-3.00		1
19:56:25:	1		1		1		0		-3.00		1
19:56:26:	1		1		1		0		-3.00		1
19:56:27:	1		1		1		0		-3.00		1
19:56:27:	1		1		1		0		-3.00		1
19:56:28:	1		1		1		0		-3.00		1
19:56:29:	1		1		1		0		-3.00		1
19:56:29:	1		1		1		0		-3.00		1
19:56:30:	1		1		1		0		-3.00		1
19:56:30:	1		1		1		0		-3.00		1
19:56:31:	1		1		1		0		-3.00		1
19:56:32:	1		1		1		0		-3.00		1
19:56:32:	1		1		1		0		-3.00		1
19:56:33:	1		1		1		0		-3.00		1
19:56:34:	1		1		1		0		-3.00		1
19:56:34:	1		1		1		0		-3.00		1
19:56:35:	1		1		1		0		-3.00		1
19:56:36:	1		1		1		0		-3.00		1
19:56:36:	1		1		1		0		-3.00		1
19:56:37:	1		1		1		0		-3.00		1
19:56:38:	1		1		1		0		-3.00		1
19:56:38:	1		1		1		0		-3.00		1
19:56:39:	1		1		1		0		-3.00		1
19:56:40:	1		1		1		0		-3.00		1
19:56:40:	1		1		1		0		-3.00		1
19:56:41:	1		1		1		0		-3.00		1
19:56:41:	1		1		1		0		-3.00		1
19:56:42:	1		1		1		0		-3.00		1
19:56:43:	1		1		1		0		-3.00		1
19:56:43:	1		1		1		0		-3.00		1
19:56:44:	1		1		1		0		-3.00		1
19:56:45:	1		1		1		0		-3.00		1
19:56:46:	1		1		1		0		-3.00		1
19:56:46:	1		1		1		0		-3.00		1
19:56:47:	1		1		1		0		-3.00		1
19:56:47:	1		1		1		0		-3.00		1
19:56:48:	1		1		1		0		-3.00		1
19:56:49:	1		1		1		0		-3.00		1
19:56:49:	1		1		1		0		-3.00		1
19:56:50:	1		1		1		0		-3.00		1
19:56:50:	1		1		1		0		-3.00		1
19:56:51:	1		1		1		0		-3.00		0
19:56:52:	1		1		1		0		-3.00		0
19:56:53:	1		1		1		0		-3.20		0
19:56:53:	0		1		1		6		-3.20		0
19:56:54:	0		1		1		5		-1.20		0
19:56:54:	0		1		1		4		-1.20		0
19:56:55:	0		0		1		0		-1.20		0
19:56:55:	0		0		0		178		-1.00		1
19:56:56:	0		0		0		179		-0.80		1
19:56:56:	0		0		0		210		-0.80		1
19:56:57:	0		0		0		203		1.20		1
19:56:57:	1		1		1		193		0.00		1
19:56:59:	0		0		0		185		1.20		1
19:57:00:	0		0		0		239		-0.80		0
19:57:00:	0		0		0		168		1.20		1
19:57:01:	0		0		0		205		-0.80		1
19:57:01:	0		1		0		115		0.00		1
19:57:02:	0		0		0		104		1.20		1
19:57:02:	0		0		1		122		-2.00		1
19:57:03:	0		1		0		114		0.00		1
19:57:03:	0		0		0		103		1.20		1
19:57:04:	0		0		0		93		1.20		1
19:57:04:	0		0		0		85		1.20		1
19:57:05:	0		0		0		75		1.20		0
19:57:05:	0		0		0		68		1.20		0
19:57:06:	0		0		0		60		1.00		0
19:57:06:	0		1		0		52		-0.20		0
19:57:07:	0		0		0		58		-1.00		0
19:57:07:	0		0		0		37		1.00		0
19:57:08:	0		0		0		29		1.00		0
19:57:08:	1		0		0		32		-2.20		0
19:57:09:	0		0		0		85		-1.00		1
19:57:09:	0		1		0		167		-2.00		1
19:57:10:	0		1		0		170		-2.00		1
19:57:10:	1		0		1		177		-2.00		1
19:57:11:	0		1		0		181		-2.00		1
19:57:11:	0		0		0		182		-0.80		0
19:57:12:	0		0		1		89		0.00		1
19:57:12:	0		0		1		169		-2.00		0
19:57:13:	0		0		1		160		0.00		0
19:57:13:	0		0		1		149		-0.20		1
19:57:14:	0		0		0		143		1.20		1
19:57:14:	0		0		0		18		1.20		0
19:57:15:	1		0		0		8		-1.00		0
19:57:15:	0		0		0		4		-0.00		0
19:57:16:	0		0		1		6		-3.20		0
19:57:16:	0		1		1		3		-1.20		0
19:57:17:	1		1		1		4		-3.20		0
19:57:17:	0		1		1		5		-3.20		0
19:57:18:	0		0		1		77		-2.20		1
19:57:18:	0		0		0		70		1.20		0
19:57:19:	0		0		0		69		1.20		0
19:57:19:	1		0		0		78		-2.20		0
19:57:20:	1		0		0		196		-2.20		1
19:57:20:	0		1		1		198		-2.00		0
19:57:21:	0		1		0		148		0.00		1
19:57:21:	0		0		0		144		1.20		1
19:57:22:	0		1		0		131		0.00		1
19:57:22:	0		0		0		125		1.20		1
19:57:23:	0		0		0		117		1.20		1
19:57:23:	0		0		0		115		1.20		1
19:57:24:	0		0		0		106		1.20		1
19:57:24:	0		0		0		94		1.20		1
19:57:25:	1		0		0		83		0.00		0
19:57:25:	1		0		0		73		0.00		0
19:57:26:	1		0		0		66		-0.20		0
19:57:26:	1		0		0		60		-0.20		0
19:57:27:	1		0		0		52		-0.20		0
19:57:28:	1		0		0		43		-0.20		0
19:57:28:	1		0		0		42		-0.20		0
19:57:29:	1		0		0		40		-0.20		0
19:57:29:	1		0		0		40		-2.20		0
19:57:30:	1		0		0		40		-2.20		0
19:57:30:	1		0		0		48		-2.20		0
19:57:31:	1		1		0		4		-1.20		0
19:57:31:	0		1		1		5		-3.20		0
19:57:32:	0		0		1		0		-1.20		0
19:57:32:	0		0		0		168		-1.00		1
19:57:33:	0		0		0		169		-0.80		1
19:57:34:	0		0		0		199		-0.80		1
19:57:34:	0		0		0		198		1.20		1
19:57:35:	0		0		0		88		1.20		1
19:57:35:	0		0		0		40		1.20		0
19:57:36:	0		0		0		44		-0.80		0
19:57:36:	1		0		0		34		-0.20		0
19:57:37:	1		0		0		28		-0.20		0
19:57:37:	1		0		0		28		-2.20		0
19:57:38:	1		0		0		27		-0.20		0
19:57:38:	1		0		0		54		-2.20		0
19:57:39:	0		0		0		4		-0.00		0
19:57:39:	0		0		1		9		-3.20		0
19:57:40:	0		0		0		192		-1.00		0
19:57:40:	0		0		0		139		1.00		1
19:57:41:	0		0		0		276		-0.80		0
19:57:41:	0		0		0		195		1.20		0
19:57:42:	0		0		0		197		-1.00		0
19:57:43:	0		0		0		21		1.00		0
19:57:43:	0		0		0		18		1.00		0
19:57:44:	0		0		0		8		-0.00		0
19:57:44:	0		0		0		17		-1.00		0
19:57:45:	0		0		0		10		-0.00		0
19:57:45:	0		0		0		7		-0.00		0
19:57:46:	0		0		0		12		-2.00		0
19:57:46:	0		0		0		177		-1.00		0
19:57:47:	0		0		0		198		-1.00		0
19:57:47:	0		0		0		202		-1.00		0
19:57:48:	0		0		0		195		1.00		0
19:57:48:	0		0		0		200		-1.00		0
19:57:49:	0		0		0		14		-0.00		0
19:57:49:	0		0		0		13		-0.00		0
19:57:50:	0		0		0		16		-1.00		0
19:57:50:	0		0		0		11		-0.00		0
19:57:51:	0		0		0		12		-2.00		0
19:57:51:	0		0		0		176		-1.00		0
19:57:52:	0		0		0		195		-1.00		0
19:57:52:	0		0		0		280		-1.00		0
19:57:53:	0		0		0		193		1.00		0
19:57:53:	0		0		0		69		1.00		0
19:57:54:	0		0		0		0		-0.00		0
19:57:54:	0		0		0		12		-2.00		0
19:57:55:	0		0		0		20		-1.00		0
19:57:55:	0		0		0		12		-0.00		0
19:57:56:	0		0		0		10		-0.00		0
19:57:56:	0		0		0		0		-0.00		0
19:57:57:	0		0		0		146		-1.00		1
19:57:58:	0		0		0		195		-0.80		1
19:57:58:	0		0		0		195		-0.80		1
19:57:59:	0		0		0		193		1.20		1
19:57:59:	0		0		0		0		0.20		0
19:58:00:	0		0		0		11		-1.80		0
19:58:00:	1		1		0		2		-1.20		0
19:58:01:	1		1		0		7		-3.20		0
19:58:01:	1		1		1		4		-1.20		0
19:58:02:	1		1		1		4		-3.20		0
19:58:02:	1		1		1		4		-3.20		0
19:58:03:	0		1		1		5		-3.20		0
19:58:03:	0		1		1		6		-3.20		0
19:58:04:	0		0		1		28		-2.20		0
19:58:04:	0		0		0		25		1.00		0
19:58:05:	0		0		0		27		-1.00		0
19:58:05:	0		0		0		82		-1.00		1
19:58:06:	0		0		0		202		-0.80		0
19:58:07:	0		0		0		188		1.20		0
19:58:07:	0		0		0		178		1.00		0
19:58:08:	0		0		0		182		-1.00		0
19:58:08:	1		0		0		0		-1.20		0
19:58:09:	1		1		0		0		-3.20		0
19:58:10:	0		1		1		5		-3.20		0
19:58:10:	0		0		1		35		-2.20		0
19:58:11:	0		0		0		27		1.00		0
19:58:11:	0		0		0		29		-1.00		0
19:58:12:	0		0		0		102		-1.00		1
19:58:12:	0		0		0		201		-0.80		0
19:58:13:	0		0		0		209		-0.80		0
19:58:13:	0		0		0		176		1.00		0
19:58:14:	0		0		0		178		-1.00		0
19:58:14:	0		0		0		187		-1.00		0
19:58:15:	1		0		0		8		-1.20		0
19:58:15:	1		1		0		3		-1.20		0
19:58:16:	0		0		0		5		-2.00		0
19:58:16:	0		0		1		39		-2.20		0
19:58:17:	0		0		0		32		1.00		0
19:58:18:	0		0		0		34		-1.00		0
19:58:18:	0		0		0		203		-1.00		0
19:58:19:	0		0		0		200		1.00		0
19:58:19:	0		0		0		268		-1.00		0
19:58:20:	0		0		0		172		1.00		0
19:58:20:	0		0		0		173		-1.00		0
19:58:21:	0		0		0		0		-0.00		0
19:58:21:	0		0		0		7		-2.00		0
19:58:22:	0		0		0		13		-2.00		0
19:58:22:	0		0		0		32		-1.00		0
19:58:23:	0		0		0		32		-1.00		0
19:58:23:	0		0		0		205		-1.00		0
19:58:24:	0		0		0		199		1.00		0
19:58:24:	0		0		0		205		-1.00		0
19:58:25:	0		0		0		180		1.00		0
19:58:25:	0		0		0		172		1.00		0
19:58:26:	0		0		0		179		-1.00		0
19:58:26:	0		0		0		10		-0.00		0
19:58:27:	0		0		0		11		-2.00		0
19:58:27:	0		0		0		35		-1.00		0
19:58:28:	0		0		0		29		1.00		0
19:58:28:	0		0		0		34		-1.00		0
19:58:29:	0		0		0		85		-1.00		1
19:58:29:	0		0		0		199		-0.80		0
19:58:30:	0		0		0		180		1.20		0
19:58:31:	0		0		0		171		1.00		0
19:58:31:	0		0		0		49		1.00		0
19:58:32:	0		0		0		13		-0.00		0
19:58:32:	0		0		0		8		-0.00		0
19:58:33:	1		1		1		0		-1.20		0
19:58:33:	0		1		1		4		-3.20		0
19:58:34:	0		0		1		37		-2.20		0
19:58:34:	0		0		0		30		1.00		0
19:58:35:	0		0		0		33		-1.00		0
19:58:35:	0		0		0		84		-1.00		1
19:58:36:	0		0		0		201		-0.80		0
19:58:36:	0		0		0		181		1.20		0
19:58:37:	0		0		0		172		1.00		0
19:58:38:	0		0		0		174		-1.00		0
19:58:38:	0		0		0		0		-0.00		0
19:58:39:	1		1		0		4		-3.20		0
19:58:39:	1		1		0		3		-1.20		0
19:58:40:	1		1		1		2		-1.20		0
19:58:41:	0		1		1		5		-3.20		0
19:58:41:	0		0		1		40		-2.20		0
19:58:42:	0		0		0		38		1.00		0
19:58:42:	0		0		0		45		-1.00		0
19:58:43:	0		0		0		203		-1.00		0
19:58:43:	0		0		0		201		1.00		0
19:58:44:	0		0		0		269		-1.00		0
19:58:44:	0		0		0		163		1.00		0
19:58:45:	1		0		0		168		-2.20		1
19:58:45:	0		0		0		9		0.20		0
19:58:46:	0		0		0		12		-1.80		0
19:58:46:	0		0		0		53		-1.00		0
19:58:47:	0		0		0		42		1.00		0
19:58:47:	0		0		0		41		1.00		0
19:58:48:	0		0		0		42		-1.00		0
19:58:48:	0		0		0		41		1.00		0
19:58:49:	0		0		0		191		-1.00		0
19:58:50:	0		0		0		195		-1.00		0
19:58:50:	0		0		0		173		1.00		0
19:58:51:	0		0		0		173		-1.00		0
19:58:51:	0		0		0		175		-1.00		0
19:58:52:	0		0		0		0		-0.00		0
19:58:52:	0		0		0		19		-1.00		0
19:58:53:	0		0		0		40		-1.00		0
19:58:53:	0		0		0		30		1.00		0
19:58:54:	0		0		0		60		-1.00		0
19:58:54:	0		0		0		190		-1.00		0
19:58:55:	0		0		0		187		1.00		0
19:58:55:	0		0		0		180		1.00		0
19:58:56:	0		0		0		171		1.00		1
19:58:56:	0		0		0		172		-0.80		1
19:58:57:	0		0		0		0		0.20		0
19:58:57:	0		0		0		19		-0.80		0
19:58:58:	0		0		0		16		1.00		0
19:58:59:	0		0		1		5		-1.20		0
19:58:59:	0		1		1		3		-1.20		0
19:59:00:	0		0		1		30		-2.20		0
19:59:00:	0		0		0		25		1.00		0
19:59:01:	0		0		0		24		1.00		0
19:59:01:	0		0		0		212		-1.00		0
19:59:02:	0		0		0		200		1.00		0
19:59:02:	0		0		0		205		-1.00		0
19:59:03:	0		0		0		180		1.00		0
19:59:03:	0		0		0		178		1.00		0
19:59:04:	0		0		0		188		-1.00		0
19:59:04:	0		0		0		7		-0.00		0
19:59:05:	0		0		0		9		-2.00		0
19:59:05:	0		0		0		29		-1.00		0
19:59:06:	0		0		0		24		1.00		0
19:59:07:	0		0		0		30		-1.00		0
19:59:07:	0		0		0		99		-1.00		1
19:59:08:	0		0		0		199		-0.80		0
19:59:08:	0		0		0		215		-0.80		0
19:59:09:	0		0		0		179		1.00		0
19:59:09:	0		0		0		176		1.00		0
19:59:10:	0		0		0		168		1.00		0
19:59:10:	0		0		0		0		-0.00		0
19:59:11:	0		0		0		10		-2.00		0
19:59:11:	0		0		0		13		-2.00		0
19:59:12:	0		0		0		38		-1.00		0
19:59:12:	0		0		0		34		1.00		0
19:59:13:	0		0		0		41		-1.00		0
19:59:13:	0		0		0		199		-1.00		0
19:59:14:	0		0		0		197		1.00		0
19:59:14:	0		0		0		172		1.00		0
19:59:15:	0		0		0		167		1.00		0
19:59:15:	0		0		0		170		-1.00		0
19:59:16:	0		0		0		12		-0.00		0
19:59:16:	0		0		0		9		-0.00		0
19:59:17:	0		0		0		42		-1.00		0
19:59:17:	0		0		0		37		1.00		0
19:59:18:	0		0		0		39		-1.00		0
19:59:18:	0		0		0		200		-1.00		0
19:59:19:	0		0		0		195		1.00		0
19:59:20:	0		0		0		262		-1.00		0
19:59:20:	0		0		0		0		-0.00		0
19:59:21:	0		0		0		167		-1.00		0
19:59:21:	0		0		0		0		-0.00		0
19:59:22:	0		0		0		12		-2.00		0
19:59:22:	0		0		0		49		-1.00		0
19:59:23:	0		0		0		39		1.00		0
19:59:23:	0		0		0		36		1.00		0
19:59:24:	0		0		0		45		-1.00		0
19:59:24:	0		0		0		196		-1.00		0
19:59:25:	0		0		0		199		-1.00		0
19:59:25:	0		0		0		168		1.00		0
19:59:26:	0		0		0		164		1.00		0
19:59:26:	0		0		0		171		-1.00		0
19:59:27:	0		0		0		12		-0.00		0
19:59:27:	0		0		0		12		-2.00		0
19:59:28:	0		0		0		44		-1.00		0
19:59:29:	0		0		0		38		1.00		0
19:59:29:	0		0		0		41		-1.00		0
19:59:30:	0		0		0		199		-1.00		0
19:59:30:	0		0		0		195		1.00		0
19:59:31:	0		0		0		203		-1.00		0
19:59:31:	0		0		0		166		1.00		0
19:59:32:	0		0		0		165		1.00		0
19:59:32:	0		0		0		0		-0.00		0
19:59:33:	0		0		0		12		-2.00		0
19:59:33:	0		0		0		11		-0.00		0
19:59:34:	0		0		0		43		-1.00		0
19:59:35:	0		0		0		38		1.00		0
19:59:35:	0		0		0		46		-1.00		0
19:59:36:	0		0		0		198		-1.00		0
19:59:36:	0		0		0		197		1.00		0
19:59:37:	0		0		0		168		1.00		0
19:59:37:	0		0		0		162		1.00		0
19:59:38:	0		0		0		169		-1.00		0
19:59:38:	0		0		0		12		-0.00		0
19:59:39:	0		0		0		10		-0.00		0
19:59:39:	0		0		0		48		-1.00		0
19:59:40:	0		0		0		42		1.00		0
19:59:40:	0		0		0		43		-1.00		0
19:59:41:	0		0		0		0		-0.00		0
19:59:41:	0		0		0		196		-1.00		0
19:59:42:	0		0		0		204		-1.00		0
19:59:42:	0		0		0		165		1.00		0
19:59:43:	0		0		0		163		1.00		0
19:59:43:	0		0		0		16		1.00		0
19:59:44:	0		0		0		9		-0.00		0
19:59:44:	0		0		0		15		-2.00		0
19:59:45:	0		0		0		43		-1.00		0
19:59:45:	0		0		0		42		1.00		0
19:59:46:	0		0		0		85		-1.00		1
19:59:47:	0		0		0		196		-0.80		0
19:59:47:	0		0		0		197		-0.80		0
19:59:48:	0		0		0		163		1.00		1
19:59:48:	0		0		0		159		1.20		1
19:59:49:	0		0		1		150		0.00		1
19:59:49:	0		0		0		154		-0.80		1
19:59:50:	0		0		0		13		0.20		0
19:59:50:	1		1		0		16		-2.00		0
19:59:51:	1		1		0		3		-1.20		0
19:59:51:	1		1		0		3		-3.20		0
19:59:52:	1		1		1		4		-3.20		0
19:59:53:	1		1		1		0		-1.20		0
19:59:53:	1		1		1		3		-3.20		0
19:59:54:	1		1		1		4		-3.20		0
19:59:54:	0		1		1		2		-1.20		0
19:59:55:	0		1		1		4		-3.20		0
19:59:55:	0		0		1		10		-3.20		0
19:59:56:	0		0		0		66		-1.00		0
19:59:56:	0		0		0		67		-1.00		0
19:59:57:	0		0		0		211		-1.00		1
19:59:57:	0		0		0		204		1.20		1
19:59:58:	0		0		0		207		-0.80		1
19:59:58:	0		0		0		143		1.20		1
19:59:59:	0		0		0		100		1.20		1
19:59:59:	0		0		0		128		-0.80		1
20:00:00:	0		0		0		164		-0.80		1
20:00:00:	0		0		0		107		1.20		1
20:00:01:	0		0		1		97		0.00		1
20:00:01:	0		0		1		86		0.00		0
20:00:02:	0		0		1		78		0.00		0
20:00:02:	0		0		1		69		-0.20		0
20:00:03:	0		0		1		59		-0.20		0
20:00:03:	0		0		0		51		1.00		0
20:00:04:	0		0		0		52		-1.00		0
20:00:04:	0		0		0		54		-1.00		0
20:00:05:	0		0		0		21		1.00		0
20:00:05:	0		0		0		17		1.00		0
20:00:06:	0		0		0		19		-1.00		0
20:00:06:	1		0		0		153		-2.20		0
20:00:07:	0		0		0		151		1.00		1
20:00:08:	0		0		0		152		-0.80		1
20:00:08:	0		1		0		260		-2.00		0
20:00:09:	0		0		0		257		1.20		0
20:00:09:	0		0		0		194		1.00		0
20:00:10:	0		0		0		184		1.00		0
20:00:11:	0		0		0		174		1.00		0
20:00:11:	0		0		0		174		-1.00		0
20:00:12:	0		0		0		89		1.00		1
20:00:12:	0		0		0		67		1.20		0
20:00:13:	0		0		0		67		-0.80		0
20:00:13:	0		1		0		66		-0.20		0
20:00:14:	0		0		0		58		1.00		0
20:00:14:	0		0		0		65		-1.00		0
20:00:15:	0		0		0		29		1.00		0
20:00:15:	0		0		0		28		1.00		0
20:00:16:	1		0		0		30		-2.20		0
20:00:16:	0		0		0		157		-1.00		1
20:00:17:	0		1		0		124		0.00		1
20:00:17:	0		0		0		143		-0.80		1
20:00:18:	0		0		0		243		-0.80		1
20:00:18:	0		0		0		144		1.20		1
20:00:19:	0		0		0		138		1.20		1
20:00:19:	0		0		0		216		-0.80		1
20:00:20:	0		0		0		116		1.20		1
20:00:20:	0		0		0		106		1.20		1
20:00:21:	0		0		0		97		1.20		1
20:00:21:	0		0		0		88		1.20		0
20:00:22:	0		0		0		79		1.20		0
20:00:23:	0		0		0		71		1.00		0
20:00:23:	0		0		0		64		1.00		0
20:00:24:	0		0		0		110		-1.00		1
20:00:24:	0		0		0		128		-0.80		1
20:00:25:	0		0		0		130		-0.80		1
20:00:25:	0		0		0		121		1.20		1
20:00:26:	0		0		0		112		1.20		1
20:00:26:	0		0		0		102		1.20		1
20:00:27:	0		0		0		90		1.20		0
20:00:27:	0		0		0		74		1.20		0
20:00:28:	0		0		0		65		1.00		0
20:00:28:	0		0		0		92		-1.00		1
20:00:29:	0		0		0		125		-0.80		1
20:00:29:	0		0		0		116		1.20		1
20:00:30:	1		0		0		108		0.00		0
20:00:30:	0		1		0		99		0.00		0
20:00:31:	0		1		0		107		-2.20		1
20:00:31:	0		0		1		90		0.00		0
20:00:32:	0		0		0		117		-0.80		1
20:00:32:	0		0		0		108		1.20		1
20:00:33:	0		0		0		111		-0.80		1
20:00:33:	1		1		1		101		0.00		0
20:00:35:	0		0		0		90		1.20		1
20:00:35:	0		0		0		80		1.20		0
20:00:36:	0		0		0		84		-0.80		0
20:00:36:	0		0		0		86		-1.00		0
20:00:37:	0		0		0		79		1.00		0
20:00:37:	0		0		0		79		-1.00		0
20:00:38:	0		0		0		85		-1.00		0
20:00:38:	1		0		0		130		-2.20		0
20:00:39:	1		1		0		129		-0.20		0
20:00:39:	0		1		1		130		-2.20		1
20:00:40:	0		1		0		120		0.00		1
20:00:40:	0		0		1		118		0.00		1
20:00:41:	0		0		0		122		-0.80		1
20:00:41:	0		0		0		141		-0.80		1
20:00:42:	0		0		0		112		1.20		1
20:00:42:	0		0		0		103		1.20		1
20:00:43:	0		0		0		97		1.20		1
20:00:43:	0		0		0		89		1.20		0
20:00:44:	1		0		0		79		0.00		0
20:00:44:	0		0		0		71		1.00		0
20:00:45:	0		0		0		64		1.00		0
20:00:45:	0		0		0		29		1.00		0
20:00:46:	0		0		0		25		1.00		0
20:00:46:	0		0		0		30		-1.00		0
20:00:47:	1		0		0		0		-1.20		0
20:00:47:	0		0		0		144		-1.00		1
20:00:48:	0		0		0		143		1.20		1
20:00:48:	0		0		0		145		-0.80		1
20:00:49:	0		0		0		191		-0.80		0
20:00:49:	0		0		0		182		1.20		0
20:00:50:	0		0		0		175		1.00		1
20:00:50:	0		0		0		168		1.20		1
20:00:51:	0		0		0		157		1.20		1
20:00:52:	0		0		0		90		1.20		0
20:00:52:	0		0		0		149		-0.80		1
20:00:53:	0		0		0		139		1.20		1
20:00:53:	0		0		0		129		1.20		1
20:00:54:	0		0		0		119		1.20		1
20:00:54:	0		0		0		108		1.20		1
20:00:55:	0		0		0		99		1.20		1
20:00:55:	0		0		0		89		1.20		0
20:00:56:	0		0		0		80		1.20		0
20:00:56:	0		0		0		69		1.00		0
20:00:57:	0		0		0		60		1.00		0
20:00:57:	0		0		0		64		-1.00		0
20:00:58:	0		0		0		60		1.00		0
20:00:59:	0		0		0		57		1.00		0
20:00:59:	0		0		0		62		-1.00		0
20:01:00:	0		0		0		145		-1.00		1
20:01:00:	0		0		0		142		1.20		1
20:01:01:	0		0		0		151		-0.80		1
20:01:01:	0		0		0		144		1.20		1
20:01:02:	0		0		0		140		1.20		1
20:01:02:	0		0		0		128		1.20		1
20:01:03:	0		0		0		117		1.20		1
20:01:03:	0		0		0		106		1.20		1
20:01:04:	0		0		0		97		1.20		1
20:01:04:	0		0		0		90		1.20		0
20:01:05:	0		0		0		76		1.20		0
20:01:05:	0		0		0		67		1.00		0
20:01:06:	0		0		0		68		-1.00		0
20:01:06:	0		0		0		87		-1.00		1
20:01:07:	0		0		0		80		1.20		0
20:01:08:	0		0		0		81		-0.80		0
20:01:08:	0		0		0		75		1.00		0
20:01:09:	0		0		0		96		-1.00		1
20:01:09:	0		0		0		130		-0.80		1
20:01:10:	0		0		0		129		1.20		1
20:01:11:	0		0		0		127		1.20		1
20:01:11:	1		0		0		115		0.00		0
20:01:12:	1		0		0		100		0.00		0
20:01:12:	0		0		0		86		1.00		0
20:01:13:	0		0		0		84		1.00		0
20:01:13:	1		0		0		127		-2.20		0
20:01:14:	0		0		0		85		1.00		0
20:01:14:	1		1		0		127		-2.20		0
20:01:15:	0		1		0		134		-2.20		1
20:01:15:	0		0		1		125		0.00		1
20:01:16:	0		0		0		78		1.20		0
20:01:16:	0		0		0		76		1.20		0
20:01:17:	0		0		0		75		1.00		0
20:01:17:	0		0		0		74		1.00		0
20:01:18:	0		0		0		154		-1.00		1
20:01:18:	0		0		0		128		1.20		1
20:01:19:	0		0		0		123		1.20		1
20:01:19:	0		0		0		131		-0.80		1
20:01:20:	0		0		0		135		-0.80		1
20:01:20:	0		1		1		131		0.00		1
20:01:21:	1		0		0		119		0.00		0
20:01:21:	1		0		0		109		0.00		0
20:01:22:	0		1		1		100		-0.20		0
20:01:23:	0		0		0		92		1.00		0
20:01:23:	0		0		0		86		1.00		0
20:01:24:	0		0		0		88		-1.00		0
20:01:24:	0		0		0		90		-1.00		0
20:01:25:	0		0		0		148		-1.00		1
20:01:25:	0		0		0		111		1.20		1
20:01:26:	1		0		0		107		0.00		0
20:01:26:	1		0		0		102		0.00		0
20:01:27:	0		0		0		93		1.00		0
20:01:27:	0		0		0		84		1.00		0
20:01:28:	0		0		0		85		-1.00		0
20:01:28:	0		0		0		148		-1.00		1
20:01:29:	0		0		0		117		1.20		1
20:01:29:	0		0		0		119		-0.80		1
20:01:30:	1		1		0		109		0.00		0
20:01:30:	0		0		0		97		1.20		1
20:01:31:	0		0		0		90		1.20		0
20:01:31:	1		0		0		95		-2.00		0
20:01:32:	1		0		0		154		-2.20		0
20:01:32:	0		0		0		67		1.00		0
20:01:33:	0		0		0		60		1.00		0
20:01:33:	1		0		0		102		-2.20		0
20:01:34:	0		1		0		105		-2.20		0
20:01:35:	0		0		0		170		-1.00		0
20:01:35:	0		0		1		130		-0.20		1
20:01:36:	0		0		0		126		1.20		1
20:01:36:	0		1		0		129		-2.00		1
20:01:37:	0		0		0		109		1.20		0
20:01:37:	0		0		1		97		0.00		0
20:01:38:	0		0		0		151		-1.00		1
20:01:38:	0		0		0		82		1.20		0
20:01:39:	0		0		0		78		1.20		0
