110	107	1
111	103	1
112	95	1
117	86	1
118	80	1
122	76	1
125	62	1
127	54	1
130	47	2
132	39	2
137	44	2
184	123	2
166	121	1
184	115	1
178	107	1
174	98	1
173	89	1
169	81	1
165	71	1
163	63	1
161	56	1
157	45	2
156	40	2
174	156	2
190	140	2
164	135	1
155	127	1
188	117	1
189	107	1
188	98	1
184	89	1
184	80	1
183	70	1
182	61	1
181	52	1
181	43	1
183	34	1
181	27	2
184	31	2
273	84	2
214	167	1
193	158	1
193	149	1
190	139	1
188	130	1
187	119	1
187	110	1
186	101	1
186	91	1
184	82	1
185	73	1
186	64	1
131	56	2
187	56	2
171	89	2
169	172	1
168	164	1
168	156	1
168	146	1
168	136	1
170	128	0
171	123	0
175	126	0
217	50	1
126	42	1
122	33	1
232	32	2
232	107	2
205	92	2
208	91	1
207	87	1
199	78	1
196	70	1
191	62	1
188	51	1
185	43	1
183	35	1
179	28	2
268	77	2
190	166	1
125	159	1
193	93	1
192	142	1
188	133	0
188	132	0
242	38	1
68	32	1
22	27	1
0	1	2
208	109	2
208	110	1
207	98	1
206	89	1
203	79	1
201	69	1
200	61	1
200	51	1
199	43	1
199	35	2
200	0	2
196	188	2
196	134	1
195	183	1
33	173	1
189	163	1
184	153	1
179	145	0
176	137	0
177	135	0
231	143	1
143	42	1
139	32	1
113	27	2
137	125	2
205	118	2
192	116	2
212	195	1
105	188	1
109	178	1
52	171	1
111	163	1
113	153	1
119	144	1
122	135	1
126	126	1
131	117	1
135	109	1
138	104	0
183	75	0
109	67	1
105	59	1
103	50	1
103	40	0
100	41	0
102	139	0
48	120	0
46	119	0
155	122	1
138	118	1
0	107	1
4	100	2
76	90	2
44	85	2
77	36	1
74	31	1
71	70	1
68	61	1
64	53	1
60	45	1
57	38	2
69	36	2
196	42	2
195	41	2
265	92	2
7	93	1
180	85	1
185	82	1
178	68	1
191	65	1
197	53	1
199	37	1
205	29	1
195	82	2
209	112	2
229	118	1
137	111	1
237	105	1
200	96	1
234	92	1
233	83	1
233	74	1
235	65	1
171	57	1
167	49	1
164	33	1
92	31	2
203	143	2
202	139	1
201	131	1
199	121	1
198	111	1
199	101	1
199	92	1
200	84	1
198	75	1
200	65	1
205	56	1
201	42	2
276	0	2
7	189	1
184	182	1
175	172	1
188	163	1
190	156	1
194	146	1
197	132	1
109	121	1
203	120	2
197	120	2
232	134	1
115	125	1
166	191	1
122	108	1
129	202	1
219	100	1
146	93	1
170	86	1
156	106	2
158	139	2
156	133	2
159	133	1
159	126	1
181	118	1
163	112	1
142	102	1
137	93	1
132	87	1
129	77	1
125	69	2
133	77	2
139	107	2
158	103	2
164	118	1
123	145	1
125	137	1
129	131	1
129	155	1
140	92	1
145	91	2
146	102	2
115	99	1
145	91	1
144	83	1
138	75	1
134	68	1
124	63	2
217	117	2
166	119	2
112	128	1
107	148	1
113	138	1
116	130	1
121	93	1
127	82	1
132	109	1
139	99	1
140	92	1
151	85	1
152	35	1
159	76	1
160	67	1
116	58	1
181	74	1
114	66	0
51	45	0
49	44	0
55	86	0
57	164	0
51	161	0
0	191	0
173	165	1
172	156	1
170	146	1
170	137	1
168	127	1
169	117	1
166	35	1
166	98	1
168	89	1
169	80	1
168	72	1
168	63	1
170	54	1
170	46	0
112	47	0
189	46	0
53	41	0
54	47	0
75	175	0
50	171	1
49	166	1
51	158	1
52	149	1
55	141	1
56	74	1
58	125	1
61	53	1
64	107	1
70	26	1
73	90	1
72	8	1
76	73	1
82	57	1
86	50	1
90	44	1
95	0	0
109	21	0
40	114	0
45	115	0
134	179	1
119	171	1
129	159	1
113	151	1
110	143	1
106	134	1
104	125	1
100	116	1
97	107	1
96	98	1
94	89	1
90	82	1
89	74	1
85	65	1
84	57	1
81	48	0
79	40	0
81	36	1
83	31	1
84	19	1
85	11	1
88	5	0
92	7	0
90	6	0
81	21	0
24	48	0
20	135	0
157	207	0
147	201	1
150	196	1
152	187	1
153	181	1
156	171	1
158	162	1
162	150	1
164	142	1
168	133	1
173	123	1
87	117	2
177	110	2
181	113	2
116	175	1
116	162	1
122	114	1
124	145	1
132	137	1
102	131	0
192	89	0
136	82	0
134	77	0
140	86	0
88	81	0
88	85	0
84	134	1
137	126	1
136	118	1
87	110	1
82	100	0
78	94	0
79	94	0
113	143	1
103	135	1
100	127	1
96	118	1
96	109	1
92	100	1
87	91	1
84	82	1
82	75	1
79	66	0
78	62	0
81	63	0
75	142	0
69	135	1
69	127	1
70	118	1
71	110	1
70	100	1
73	91	1
73	82	1
72	74	1
74	64	1
76	58	0
80	56	0
17	112	0
62	135	0
65	136	1
69	130	1
255	121	1
151	115	1
109	107	1
90	101	1
137	92	1
103	86	1
106	89	1
111	102	0
132	115	0
74	106	0
75	105	1
132	102	1
137	96	1
91	90	1
134	81	1
101	76	1
107	83	1
125	62	1
90	108	0
59	98	0
55	94	1
57	89	1
59	81	1
61	73	1
64	68	0
59	177	0
74	152	0
73	148	1
74	141	1
75	131	1
79	122	1
81	113	1
81	104	1
85	94	1
87	87	1
87	79	1
91	70	1
96	61	1
97	55	1
100	48	0
117	131	0
129	112	0
51	112	0
117	213	1
82	110	1
129	107	1
125	172	1
127	95	1
117	87	1
127	81	1
120	104	0
78	117	0
74	111	1
74	43	1
74	96	1
77	9	1
77	80	1
0	71	1
84	62	1
88	54	1
75	46	1
90	41	0
111	60	0
48	125	0
36	120	1
49	112	1
55	104	1
54	96	1
57	88	1
62	80	1
64	72	1
67	65	1
71	62	0
99	154	0
64	146	0
63	143	1
66	135	1
69	127	1
72	121	1
76	112	1
79	102	1
83	93	1
85	86	1
69	76	1
93	70	1
98	63	1
107	54	1
105	296	1
114	123	0
111	113	0
209	101	0
43	97	0
295	99	1
116	94	1
110	87	1
62	82	1
68	182	1
103	175	1
104	120	1
101	111	1
105	145	1
105	137	1
111	85	0
44	80	0
41	112	0
42	109	0
73	114	1
129	105	1
129	102	1
124	98	1
120	109	1
119	83	1
116	79	1
86	74	1

